Alla Allers       5   5  5  5  4  4  5 = 12

Амброжук Наталя   4   5  5  5  5  5  4 = 12

Водяна Дана       5   2  5  4  3  4  5 = 9

Дяченко Катерина  5   5  5  5  5  5  5 = 12

Коваленко Алена   4   5  5  4  5  4  5 = 11

Кравець Марина    5   5  3  4  5  4  4 = 10

Кухар Дмитро      5   5  3  5  4  4  5 = 10

Лещишин Євген     5   5  4  5  4  4  5 = 11

Манаков Даніїл    4   4  5  4  5  5  5 = 11

Самойленко Євген  5   5  4  5  5  3  5 = 11

Фіронов Алан      5   5  5  5  5  5  5 = 12

Харченко Максим   5   4  5  5  4  5  3 = 10


Гончар Максим     5   3  5  3  4  3  4  4  4  4  4  3  3  4  4  3  3  3  4 = 8